    0001    7810    6053
    0002    7798    5709
    0003    7264    5575
    0004    7324    5560
    0005    7547    5503
    0006    7744    5476
    0007    7821    5457
    0008    7883    5408
    0009    7874    5405
    0053    7631    4573
    0054    7520    4572
    0055    7848    4546
    0056    5685    4546
    0158    7844    3902
    0182    5457    3808
    0183    5671    3807
    0184    4293    3788
    0185    7423    3776
    0186    7342    3775
    0187    5541    3769
    0188    5621    3768
    0189    7750    3760
    0190    6327    3745
    0191    7879    3743
    0192    0199    3743
    0193    6652    3742
    0194    5678    3742
    0195    5207    3742
    0196    7429    3737
    0197    7262    3725
    0198    6427    3717
    0199    1851    3710
    0200    6207    3700
    0201    6069    3695
    0202    4780    3694
    0203    7603    3690
    0204    5751    3681
    0205    6365    3679
    0206    6958    3678
    0207    6317    3673
    0208    5417    3673
    0209    6426    3656
    0210    7922    3655
    0211    7331    3634
    0212    5965    3624
    0213    4965    3622
    0214    6833    3618
    0215    6798    3610
    0216    7667    3608
    0217    1047    3602
    0218    7803    3598
    0219    7370    3588
    0220    0952    3583
    0221    7906    3580
    0222    0250    3578
    0223    5111    3569
    0224    6453    3567
    0225    7492    3560
    0226    6140    3558
    0242    7696    3486
    0243    0536    3481
    0244    0317    3476
    0245    5649    3472
    0246    6235    3471
    0247    7199    3469
    0248    5540    3468
    0249    5400    3461
    0250    5796    3459
    0251    2342    3439
    0252    7494    3430
    0253    7321    3429
    0254    6265    3426
    0255    8001    3418
    0256    0226    3415
    0257    6148    3413
    0258    5987    3402
    0259    7582    3396
    0260    7422    3390
    0261    6623    3389
    0262    7475    3388
    0263    7654    3377
    0264    7838    3375
    0265    6570    3371
    0266    4364    3362
    0267    7316    3360
    0268    4857    3359
    0269    7533    3358
    0270    5719    3352
    0271    7452    3339
    0272    7747    3329
    0273    5841    3328
    0274    3229    3312
    0275    7076    3302
    0276    7657    3301
    0277    6360    3301
    0278    0525    3297
    0279    5619    3291
    0280    7989    3271
    0280    7589    3471
    0161    5623    3377
    