    0001    7810    6053
    0002    7798    5709
    0003    7264    5575
    0004    7324    5560
    0005    7547    5503
    0006    7744    5476
    0007    7821    5457
    0008    7883    5408
    0009    7874    5405
    0053    7631    4573
    0054    7520    4572
    0055    7848    4546
    0056    5685    4546
    0057    7832    4542
    0058    6735    4509
    0059    7647    4504
    0060    7338    4481
    0061    4602    4478
    0062    4606    4468
    0063    7399    4467
    0064    7037    4446
    0065    7458    4428
    0066    7364    4427
    0067    6058    4426
    0068    6868    4418
    0069    3832    4410
    0070    6670    4401
    0071    7443    4375
    0072    7160    4370
    0073    6139    4369
    0074    7333    4335
    0075    6237    4332
    0076    5385    4318
    0077    6911    4296
    0078    6304    4294
    0079    7111    4288
    0080    6740    4282
    0081    7698    4279
    0082    7613    4275
    0083    7360    4275
    0084    6779    4273
    0085    7207    4270
    0086    6241    4268
    0087    7432    4265
    0088    4354    4262
    0089    6589    4256
    0090    7817    4252
    0091    6051    4246
    0092    5356    4241
    0093    7554    4236
    0094    7534    4227
    0095    4217    4224
    0096    7349    4219
    0097    7128    4215
    0098    3950    4215
    0099    6947    4209
    0100    7549    4208
    0101    5168    4208
    0102    6524    4207
    0103    5871    4202
    0104    7542    4198
    0105    6660    4193
    0106    7216    4180
    0107    6607    4173
    0108    7601    4171
    0109    6123    4167
    0110    6450    4160
    0111    6713    4154
    0112    7355    4151
    0113    7604    4146
    0114    7541    4141
    0115    7506    4138
    0116    4871    4132
    0117    2906    4131
    0118    6488    4128
    0119    6312    4126
    0120    6008    4117
    0121    4427    4109
    0122    4679    4084
    0123    5955    4081
    0124    6891    4075
    0125    7705    4065
    0126    7562    4058
    0127    4634    4054
    0128    4607    4049
    0129    6557    4047
    0130    7344    4046
    0131    5543    4042
    0132    7124    4039
    0133    7466    4037
    0134    6259    4030
    0135    6366    4002
    0136    5597    3993
    0137    4655    3992
    0138    7805    3991
    0139    3396    3990
    0140    6603    3982
    0141    6537    3982
    0142    4342    3966
    0143    7037    3965
    0144    7345    3951
    0145    7271    3948
    0146    5336    3943
    0147    5964    3935
    0148    7660    3924
    0149    7872    3922
    0150    6567    3922
    0151    6602    3920
    0152    4806    3914
    0153    7909    3912
    0154    5926    3912
    0155    7449    3911
    0156    6333    3909
    0157    3108    3908
    0158    7844    3902
    0182    5457    3808
    0183    5671    3807
    0184    4293    3788
    0185    7423    3776
    0186    7342    3775
    0187    5541    3769
    0188    5621    3768
    0189    7750    3760
    0190    6327    3745
    0191    7879    3743
    0192    0199    3743
    0193    6652    3742
    0194    5678    3742
    0195    5207    3742
    0196    7429    3737
    0197    7262    3725
    0198    6427    3717
    0199    1851    3710
    0200    6207    3700
    0201    6069    3695
    0202    4780    3694
    0203    7603    3690
    0204    5751    3681
    0205    6365    3679
    0206    6958    3678
    0207    6317    3673
    0208    5417    3673
    0209    6426    3656
    0210    7922    3655
    0211    7331    3634
    0212    5965    3624
    0213    4965    3622
    0214    6833    3618
    0215    6798    3610
    0216    7667    3608
    0217    1047    3602
    0218    7803    3598
    0219    7370    3588
    0220    0952    3583
    0221    7906    3580
    0222    0250    3578
    0223    5111    3569
    0224    6453    3567
    0225    7492    3560
    0226    6140    3558
    0242    7696    3486
    0243    0536    3481
    0244    0317    3476
    0245    5649    3472
    0246    6235    3471
    0247    7199    3469
    0248    5540    3468
    0249    5400    3461
    0250    5796    3459
    0251    2342    3439
    0252    7494    3430
    0253    7321    3429
    0254    6265    3426
    0255    8001    3418
    0256    0226    3415
    0257    6148    3413
    0258    5987    3402
    0259    7582    3396
    0260    7422    3390
    0261    6623    3389
    0262    7475    3388
    0263    7654    3377
    0264    7838    3375
    0265    6570    3371
    0266    4364    3362
    0267    7316    3360
    0268    4857    3359
    0269    7533    3358
    0270    5719    3352
    0271    7452    3339
    0272    7747    3329
    0273    5841    3328
    0274    3229    3312
    0275    7076    3302
    0276    7657    3301
    0277    6360    3301
    0278    0525    3297
    0279    5619    3291
    0280    7989    3271
    0280    7589    3471
    