    0001    7810    6053
    0002    7798    5709
    0003    7264    5575
    0004    7324    5560
    0005    7547    5503
    0006    7744    5476
    0007    7821    5457
    0008    7883    5408
    0009    7874    5405
    0010    7927    5365
    0011    7848    5358
    0012    7802    5317
    0013    7962    5287
    0014    7913    5280
    0015    7724    5210
    0016    7503    5191
    0017    7759    5143
    0018    7890    5130
    0019    7254    5129
    0020    7790    5038
    0021    7142    5032
    0022    7606    5009
    0023    7772    4989
    0024    7744    4933
    0025    7846    4923
    0026    7622    4917
    0027    6937    4917
    0028    7576    4915
    0029    7783    4912
    0030    7716    4909
    0031    7295    4887
    0032    7777    4869
    0033    7700    4854
    0034    7726    4833
    0035    7702    4815
    0036    7583    4813
    0037    7654    4795
    0038    7417    4788
    0039    7267    4779
    0040    6806    4755
    0041    5259    4751
    0042    7698    4745
    0043    7570    4741
    0044    7617    4724
    0045    7752    4721
    0046    7673    4718
    0047    7692    4666
    0048    7547    4664
    0049    7259    4630
    0050    5387    4623
    0051    7679    4581
    0052    7674    4579
    0053    7631    4573
    0054    7520    4572
    0055    7848    4546
    0056    5685    4546
    0057    7832    4542
    0058    6735    4509
    0059    7647    4504
    0060    7338    4481
    0061    4602    4478
    0062    4606    4468
    0063    7399    4467
    0064    7037    4446
    0065    7458    4428
    0066    7364    4427
    0067    6058    4426
    0068    6868    4418
    0069    3832    4410
    0070    6670    4401
    0071    7443    4375
    0072    7160    4370
    0073    6139    4369
    0074    7333    4335
    0075    6237    4332
    0076    5385    4318
    0077    6911    4296
    0078    6304    4294
    0079    7111    4288
    0080    6740    4282
    0081    7698    4279
    0082    7613    4275
    0083    7360    4275
    0084    6779    4273
    0085    7207    4270
    0086    6241    4268
    0087    7432    4265
    0088    4354    4262
    0089    6589    4256
    0090    7817    4252
    0091    6051    4246
    0092    5356    4241
    0093    7554    4236
    0094    7534    4227
    0095    4217    4224
    0096    7349    4219
    0097    7128    4215
    0098    3950    4215
    0099    6947    4209
    0100    7549    4208
    0101    5168    4208
    0102    6524    4207
    0103    5871    4202
    0104    7542    4198
    0105    6660    4193
    0106    7216    4180
    0107    6607    4173
    0108    7601    4171
    0109    6123    4167
    0110    6450    4160
    0111    6713    4154
    0112    7355    4151
    0113    7604    4146
    0114    7541    4141
    0115    7506    4138
    0116    4871    4132
    0117    2906    4131
    0118    6488    4128
    0119    6312    4126
    0120    6008    4117
    0121    4427    4109
    0122    4679    4084
    0123    5955    4081
    0124    6891    4075
    0125    7705    4065
    0126    7562    4058
    0127    4634    4054
    0128    4607    4049
    0129    6557    4047
    0130    7344    4046
    0131    5543    4042
    0132    7124    4039
    0133    7466    4037
    0134    6259    4030
    0135    6366    4002
    0136    5597    3993
    0137    4655    3992
    0138    7805    3991
    0139    3396    3990
    0140    6603    3982
    0141    6537    3982
    0142    4342    3966
    0143    7037    3965
    0144    7345    3951
    0145    7271    3948
    0146    5336    3943
    0147    5964    3935
    0148    7660    3924
    0149    7872    3922
    0150    6567    3922
    0151    6602    3920
    0152    4806    3914
    0153    7909    3912
    0154    5926    3912
    0155    7449    3911
    0156    6333    3909
    0157    3108    3908
    0158    7844    3902
    0159    5427    3894
    0160    6862    3892
    0161    6621    3891
    0162    6150    3888
    0163    7388    3879
    0164    7351    3877
    0165    4694    3877
    0166    6340    3870
    0167    6425    3867
    0168    6577    3858
    0169    6864    3854
    0170    5706    3844
    0171    4496    3844
    0172    4574    3843
    0173    3824    3838
    0174    5803    3824
    0175    5720    3823
    0176    6454    3821
    0177    6120    3821
    0178    7988    3820
    0179    6376    3819
    0180    7841    3818
    0181    5778    3813
    0182    5457    3808
    0183    5671    3807
    0184    4293    3788
    0185    7423    3776
    0186    7342    3775
    0187    5541    3769
    0188    5621    3768
    0189    7750    3760
    0190    6327    3745
    0191    7879    3743
    0192    0199    3743
    0193    6652    3742
    0194    5678    3742
    0195    5207    3742
    0196    7429    3737
    0197    7262    3725
    0198    6427    3717
    0199    1851    3710
    0200    6207    3700
    0201    6069    3695
    0202    4780    3694
    0203    7603    3690
    0204    5751    3681
    0205    6365    3679
    0206    6958    3678
    0207    6317    3673
    0208    5417    3673
    0209    6426    3656
    0210    7922    3655
    0211    7331    3634
    0212    5965    3624
    0213    4965    3622
    0214    6833    3618
    0215    6798    3610
    0216    7667    3608
    0217    1047    3602
    0218    7803    3598
    0219    7370    3588
    0220    0952    3583
    0221    7906    3580
    0222    0250    3578
    0223    5111    3569
    0224    6453    3567
    0225    7492    3560
    0226    6140    3558
    0227    5315    3557
    0228    5316    3554
    0229    4232    3551
    0230    7408    3534
    0231    8013    3523
    0232    5160    3517
    0233    7141    3514
    0234    5887    3508
    0235    4694    3502
    0236    7633    3499
    0237    7919    3496
    0238    1784    3494
    0239    1482    3494
    0240    0236    3494
    0241    6713    3488
    0242    7696    3486
    0243    0536    3481
    0244    0317    3476
    0245    5649    3472
    0246    6235    3471
    0247    7199    3469
    0248    5540    3468
    0249    5400    3461
    0250    5796    3459
    0251    2342    3439
    0252    7494    3430
    0253    7321    3429
    0254    6265    3426
    0255    8001    3418
    0256    0226    3415
    0257    6148    3413
    0258    5987    3402
    0259    7582    3396
    0260    7422    3390
    0261    6623    3389
    0262    7475    3388
    0263    7654    3377
    0264    7838    3375
    0265    6570    3371
    0266    4364    3362
    0267    7316    3360
    0268    4857    3359
    0269    7533    3358
    0270    5719    3352
    0271    7452    3339
    0272    7747    3329
    0273    5841    3328
    0274    3229    3312
    0275    7076    3302
    0276    7657    3301
    0277    6360    3301
    0278    0525    3297
    0279    5619    3291
    0280    7989    3271
    0281    5697    3269
    0282    6050    3242
    0283    7082    3235
    0284    5539    3235
    0285    0741    3235
    0286    6731    3234
    0287    7453    3229
    0288    7695    3220
    0289    7299    3219
    0290    0863    3219
    0291    7861    3216
    0292    5960    3207
    0293    4252    3206
    0294    6402    3190
    0295    5342    3188
    0296    6656    3181
    0297    7532    3175
    0298    7434    3173
    0299    5679    3171
    0300    6518    3165
    0301    4537    3143
    0302    0806    3123
    0303    6113    3101
    0304    7440    3100
    0305    6204    3099
    0306    7715    3086
    0307    7503    3086
    0308    5821    3086
    0309    7131    3081
    0310    7909    3080
    0311    0920    3065
    0312    6468    3050
    0313    5677    3049
    0314    0218    3031
    0315    6881    3029
    0316    5650    3023
    0317    0197    3021
    0318    5531    3011
    0319    6387    3008
    0320    4458    3007
    0321    6190    2985
    0322    7055    2981
    0323    7238    2957
    0324    5930    2948
    0325    7543    2929
    0326    5291    2929
    0327    4196    2929
    0328    6617    2928
    0329    4831    2917
    0330    2835    2912
    0331    0174    2901
    0332    5350    2867
    0333    7346    2858
    0334    6044    2848
    0335    4898    2840
    0336    3307    2833
    0337    1918    2832
    0338    7125    2823
    0339    6422    2820
    0340    5881    2817
    0341    0141    2814
    0342    7851    2809
    0343    4929    2803
    0344    5963    2789
    0345    5470    2774
    0346    7458    2741
    0347    1263    2734
    0348    6766    2732
    0349    4763    2720
    0350    3461    2718
    0351    7309    2717
    0352    6848    2712
    0353    0178    2702
    0354    1882    2684
    0355    4584    2643
    0356    3174    2627
    0357    7049    2570
    0358    7753    2564
    0359    6597    2563
    0360    4476    2555
    0361    1575    2555
    0362    7304    2550
    0363    0010    2537
    0364    6800    2532
    0365    5296    2520
    0366    7104    2510
    0367    6547    2506
    0368    7267    2466
    0369    3189    2411
    0370    5117    2409
    0371    4973    2406
    0372    4488    2378
    0373    7351    2376
    0374    6007    2359
    0375    4612    2341
    0376    7015    2333
    0377    3233    2329
    0378    0240    2327
    0379    6686    2312
    0380    6307    2295
    0381    7448    2291
    0382    7087    2274
    0383    2067    2254
    0384    5260    2230
    0385    4174    2190
    0386    0036    2185
    0387    7856    2181
    0388    7315    2181
    0389    3319    2151
    0390    2126    2150
    0391    7418    2139
    0392    6885    2138
    0393    4959    2123
    0394    4996    2115
    0395    5681    2109
    0396    5277    2078
    0397    7643    2048
    0398    3390    2043
    0399    8080    2039
    0400    6139    2032
    0401    2694    2026
    0402    7152    2000
    0403    7822    1992
    0404    7416    1953
    0405    7352    1952
    0406    0354    1950
    0407    6493    1931
    0408    7905    1921
    0409    8229    1905
    0410    6803    1886
    0411    4012    1886
    0412    4759    1883
    0413    8101    1876
    0414    7989    1876
    0415    8063    1860
    0416    8080    1835
    0417    7004    1805
    0418    6252    1795
    0419    6826    1774
    0420    7218    1773
    0421    0464    1773
    0422    0809    1766
    0423    7240    1762
    0424    7046    1757
    0425    8098    1746
    0426    7314    1739
    0427    7035    1733
    0428    5506    1719
    0429    8184    1685
    0430    6932    1683
    0431    5914    1682
    0432    2908    1681
    0433    6496    1678
    0434    8525    1664
    0435    6765    1663
    0436    7985    1657
    0437    6854    1640
    0438    7926    1627
    0439    7973    1606
    0440    5060    1577
    0441    4056    1564
    0442    5637    1558
    0443    2011    1558
    0444    8038    1535
    0445    6651    1534
    0446    0552    1526
    0447    6621    1513
    0448    8594    1510
    0449    4719    1504
    0450    5472    1482
    0451    8605    1479
    0452    0345    1476
    0453    8228    1471
    0454    5005    1458
    0455    5114    1430
    0456    5964    1421
    0457    0602    1395
    0458    5098    1394
    0459    5068    1390
    0460    8292    1383
    0461    6258    1354
    0462    5010    1351
    0463    6494    1347
    0464    0437    1344
    0465    0413    1338
    0466    0659    1331
    0467    5840    1325
    0468    6378    1314
    0469    6379    1302
    0470    6359    1298
    0471    3245    1281
    0472    0450    1274
    0473    0478    1256
    0474    5571    1255
    0475    0489    1254
    0476    0513    1247
    0477    6136    1243
    0478    4170    1232
    0479    1721    1165
    0480    0893    1161
    0481    5930    1151
    0482    4619    1132
    0483    4125    1125
    0484    5139    1124
    0485    0572    1108
    0486    4500    1093
    0487    2372    1084
    0488    0993    1084
    0489    0527    1077
    0490    5788    1053
    0491    3719    1043
    0492    4805    1033
    0493    5140    1018
    0494    5344    1003
    0495    5532    0998
    0496    5069    0998
    0497    1595    0942
    0498    5666    0914
    0499    2260    0913
    0500    4244    0896
    0501    5596    0892
    0502    4569    0886
    0503    1072    0883
    0504    3499    0863
    0505    5136    0825
    0506    0783    0825
    0507    0834    0757
    0508    1406    0750
    0509    3390    0698
    0510    2384    0695
    0511    0982    0659
    0512    1422    0658
    0513    1361    0637
    0514    1926    0636
    0515    1213    0633
    0516    1415    0628
    0517    1082    0625
    0518    1254    0617
    0519    5070    0605
    0520    1212    0603
    0521    1249    0600
    0522    3477    0599
    0523    1322    0580
    0524    1253    0580
    0525    1276    0559
    0526    2647    0485
    0527    1443    0459
    0528    1961    0445
    0529    1790    0429
    0530    1503    0362
    0531    5393    0355
    0532    5469    0010
